# data
source_path = data/wayvescene/scene_088_20_forward
model_path = output/wayvescene/scene_088_20_forward/1

# ModelParams
resolution = 2
codebook_size = 128
semantic_features_dim = 8

xyz_embedding_N_freqs = 0
xyz_encoding_D = 4
xyz_encoding_W = 128
xyz_encoding_out_channels_xyz = 8

reconstruction_loss_weight = 1.0
semantic_loss_weight = 0.5
uncertainty_loss_weight = 0.1
xyzmlp_loss_weight = 0.1
smooth_loss_weight = 0.1
smooth_loss_uncertainty_min = 0.1

# OptimizationParams
iteration = 20_000
densify_until_iter = 10_000
position_lr_init =  0.00016
position_lr_final = 0.0000016
scaling_lr = 0.005
densify_grad_threshold = 0.0001 #0.0002
# rotation_lr = 0.0002 #0.001
# start_checkpoint = output/wayvescene/scene_021_20_last_forward/5_2/chkpnt10000.pth

# test
# test_set = ["front-forward/1708518880983311.jpeg", "front-forward/1708518881083307.jpeg", "front-forward/1708518881183308.jpeg", "front-forward/1708518881283307.jpeg", "front-forward/1708518881383308.jpeg", "front-forward/1708518881483309.jpeg", "front-forward/1708518881583309.jpeg", "front-forward/1708518881683309.jpeg", "front-forward/1708518881783310.jpeg", "front-forward/1708518881883310.jpeg", "front-forward/1708518881983312.jpeg", "front-forward/1708518882083308.jpeg", "front-forward/1708518882183308.jpeg", "front-forward/1708518882283307.jpeg", "front-forward/1708518882383307.jpeg", "front-forward/1708518882483310.jpeg", "front-forward/1708518882583310.jpeg", "front-forward/1708518882683310.jpeg", "front-forward/1708518882783310.jpeg", "front-forward/1708518882883310.jpeg"]

# language_feature_indices file name 
language_feature_indices_path = pyrclip_dino05_0000_128_896_1_20240725-153616_encoding_indices.pt
