# data
source_path = data/wayvescene/scene_021_50_forward
model_path = output/wayvescene/scene_021_50_forward/3

# ModelParams
resolution = 2
codebook_size = 128
semantic_features_dim = 8

xyz_embedding_N_freqs = 0
xyz_encoding_D = 4
xyz_encoding_W = 128
xyz_encoding_out_channels_xyz = 8

reconstruction_loss_weight = 1.0
semantic_loss_weight = 0.5
uncertainty_loss_weight = 0.1
xyzmlp_loss_weight = 0.1
smooth_loss_weight = 0.1
smooth_loss_uncertainty_min = 0.1

# OptimizationParams
iteration = 10_000
densify_until_iter = 10_000
position_lr_init =  0.000016
position_lr_final = 0.00000016
scaling_lr = 0.005
densify_grad_threshold = 0.00005 #0.0002
# rotation_lr = 0.0002 #0.001
# start_checkpoint = output/wayvescene/scene_021_50_forward/1/chkpnt20000.pth

# test
test_set = ["front-forward/1702411981283266.jpeg", "front-forward/1702411981783273.jpeg", "front-forward/1702411982883264.jpeg", "front-forward/1702411984383262.jpeg", "front-forward/1702411985583264.jpeg", "left-forward/1702411980783266.jpeg", "left-forward/1702411981783273.jpeg", "left-forward/1702411982883264.jpeg", "left-forward/1702411984483262.jpeg", "left-forward/1702411985183268.jpeg", "right-forward/1702411981583265.jpeg", "right-forward/1702411981883281.jpeg", "right-forward/1702411983583263.jpeg", "right-forward/1702411983783264.jpeg", "right-forward/1702411984883265.jpeg"]


# language_feature_indices file name 
language_feature_indices_path = data/wayvescene/scene_021_50_forward/pyrclip_dino05_0000_128_896_1_20240727-210312_encoding_indices.pt
