# data
source_path = data/wayvescene/scene_036_50_forward
model_path = output/wayvescene/scene_036_50_forward/1

# ModelParams
resolution = 2
codebook_size = 128
semantic_features_dim = 8

xyz_embedding_N_freqs = 0
xyz_encoding_D = 4
xyz_encoding_W = 128
xyz_encoding_out_channels_xyz = 8

reconstruction_loss_weight = 1.0
semantic_loss_weight = 0.5
uncertainty_loss_weight = 0.1
xyzmlp_loss_weight = 0.1
smooth_loss_weight = 0.1
smooth_loss_uncertainty_min = 0.1

# OptimizationParams
iteration = 20_000
densify_until_iter = 10_000
position_lr_init =  0.00016
position_lr_final = 0.0000016
scaling_lr = 0.005
densify_grad_threshold = 0.0001 #0.0002
# rotation_lr = 0.0002 #0.001
# start_checkpoint = output/wayvescene/scene_036_50_forward/1/chkpnt20000.pth

# test
test_set = ["front-forward/1702934049583311.jpeg", "front-forward/1702934050883313.jpeg", "front-forward/1702934051683313.jpeg", "front-forward/1702934052183307.jpeg", "front-forward/1702934053283310.jpeg", "left-forward/1702934049883312.jpeg", "left-forward/1702934050283310.jpeg", "left-forward/1702934051283312.jpeg", "left-forward/1702934053083310.jpeg", "left-forward/1702934054083310.jpeg", "right-forward/1702934049483311.jpeg", "right-forward/1702934050883313.jpeg", "right-forward/1702934051183312.jpeg", "right-forward/1702934052783310.jpeg", "right-forward/1702934053783310.jpeg"]


# language_feature_indices file name 
language_feature_indices_path = data/wayvescene/scene_036_50_forward/pyrclip_dino05_0000_128_896_1_20240727-234131_encoding_indices.pt
