# data
source_path = data/wayvescene/scene_088_50_forward
model_path = output/wayvescene/scene_088_50_forward/1

# ModelParams
resolution = 2
codebook_size = 128
semantic_features_dim = 8

xyz_embedding_N_freqs = 0
xyz_encoding_D = 4
xyz_encoding_W = 128
xyz_encoding_out_channels_xyz = 8

reconstruction_loss_weight = 1.0
semantic_loss_weight = 0.5
uncertainty_loss_weight = 0.1
xyzmlp_loss_weight = 0.1
smooth_loss_weight = 0.1
smooth_loss_uncertainty_min = 0.1

# OptimizationParams
iteration = 20_000
densify_until_iter = 10_000
position_lr_init =  0.00016
position_lr_final = 0.0000016
scaling_lr = 0.005
densify_grad_threshold = 0.0001 #0.0002
# rotation_lr = 0.0002 #0.001
start_checkpoint = output/wayvescene/scene_088_50_forward/1/chkpnt20000.pth

# test
test_set = ["left-forward/1700605057733312.jpeg", "right-forward/1700605054933310.jpeg", "left-forward/1700605058333309.jpeg", "front-forward/1700605055233308.jpeg", "left-forward/1700605058733311.jpeg", "front-forward/1700605055533313.jpeg", "right-forward/1700605058633309.jpeg", "left-forward/1700605056633310.jpeg", "left-forward/1700605058533311.jpeg", "right-forward/1700605055833311.jpeg", "front-forward/1700605056333310.jpeg", "front-forward/1700605059133307.jpeg", "right-forward/1700605054633310.jpeg", "left-forward/1700605057433310.jpeg", "front-forward/1700605057333310.jpeg"]


# language_feature_indices file name 
language_feature_indices_path = data/wayvescene/scene_088_50_forward/pyrclip_dino05_0000_128_896_1_20240727-050814_encoding_indices.pt
